#VESTA_FORMAT_VERSION 2

TITLE


GROUP
1 1 P 1  
SYMOP
 0.000000  0.000000  0.000000   1  0  0   0  1  0   0  0  1
 -1.0 -1.0 -1.0  0 0 0  0 0 0  0 0 0
TRANM
 0.000000  0.000000  0.000000  1  0  0   0  1  0   0  0  1
CELLP
  5.350000   5.350000   5.350000  90.000000  90.000000  90.000000
  0.000000   0.000000   0.000000   0.000000   0.000000   0.000000
STRUC
  1 Kr     Ar1  1.0000   0.000000   0.000000   0.000000    1a       1
                         0.000000   0.000000   0.000000  0.00
  2 Kr     Ar2  1.0000   0.500000   0.500000   0.000000    1a       1
                         0.000000   0.000000   0.000000  0.00
  3 Ar     Ar3  1.0000   0.500000   0.000000   0.500000    1a       1
                         0.000000   0.000000   0.000000  0.00
  4 Ar     Ar4  1.0000   0.000000   0.500000   0.500000    1a       1
                         0.000000   0.000000   0.000000  0.00
  0 0 0 0 0 0 0
THERI 0
  1     Ar1  1.000000
  2     Ar2  1.000000
  3     Ar3  1.000000
  4     Ar4  1.000000
  0 0 0
ATOMT
  1 Ar  1.9200  0.8118  0.9961  0.7686  0.8118  0.9961  0.7686
  2 Kr  1.9800  0.9804  0.7569  0.9529  0.9804  0.7569  0.9529
  0 0 0 0 0 0
MODEL 1 255
RADII 0
BOUND
       0        1         0        1         0        1
  0   0   0   0  0
SBOND
  0 0 0 0
HBOND 0 2
SPLAN
  0   0   0   0
ATOMS 0
BONDS 0
POLYS 1
ATOMP
 16  16   0  50  2.0   1
BONDP
  1  16  0.423  0.423  1.000 0.7690 0.7690 0.7690
POLYP
  0.680 1  1.000 0.6780 0.6780 0.6780
HKLPP
  1.000 0  1.000  0.0  0.0  0.0
UCOLP
  1  1.000 0.0000 0.0000 0.0000
ISURF 1
  0   0  96          1          1          0   1
  1          1          0
BKGRC
   1.0000 1.0000 1.0000
PROJT 1
COMPS 1
DPTHQ 1 -0.5000  3.5000
SCENE
 0.930990  0.365018 -0.004461  0.000000
-0.070786  0.192505  0.978740  0.000000
 0.358117 -0.910881  0.205058  0.000000
 0.000000  0.000000  0.000000  1.000000
 -0.101  -0.030
  0.000
  1.000
LIGHT0
 1.000  0.000  0.000  0.000
 0.000  1.000  0.000  0.000
 0.000  0.000  1.000  0.000
 0.000  0.000  0.000  1.000
 0.000  0.000 20.000  0.000
 0.000  0.000 -1.000
 0.100  0.100  0.100  1.000
 0.700  0.700  0.700  1.000
 1.000  1.000  1.000  1.000
ATOMM
  0.251   0.251   0.251   1.000
  0.749   0.749   0.749   1.000
  1.000   1.000   1.000   1.000
128.000
BONDM
  0.251   0.251   0.251   1.000
  0.749   0.749   0.749   1.000
  1.000   1.000   1.000   1.000
128.000
POLYM
  0.251   0.251   0.251   1.000
  0.749   0.749   0.749   1.000
  1.000   1.000   1.000   1.000
128.000
HKLPM
  1.000   1.000   1.000   1.000
  1.000   1.000   1.000   1.000
  1.000   1.000   1.000   1.000
128.000
SURFM
  1.000   1.000   0.000   0.600
  0.000   1.000   1.000   1.000
  0.000   0.000   0.000   1.000
128.000
DELOB
  0

  0

  0

ARROW
 0 0 0 0 0 0 0 0 0
PLN2D
  0   0   0   0
